threshold: 0.0
metrics:
  precision_at_50: 0.34
  recall_at_50: 0.1827956989247312
  f1_at_50: 0.23776223776223776
calibration_info:
  annotation_file: ../../data/annotations/real_annotated.csv
  total_samples: 200
  opportunity_count: 93
  k: 50
  step: 0.05
